0.5374
1.0587
1.5591
2.0341
2.4793
2.8909
3.2656
3.6001
3.8921
4.1394
4.3404
4.4941
4.5999
4.6576
4.6676
4.6308
4.5484
4.4222
4.2544
4.0474
3.8040
3.5274
3.2211
2.8887
2.5339
2.1609
1.7737
1.3764
0.9733
0.5684
0.1658
-0.2304
-0.6165
-0.9888
-1.3439
-1.6785
-1.9897
-2.2748
-2.5316
-2.7580
-2.9523
-3.1133
-3.2401
-3.3319
-3.3886
-3.4104
-3.3976
-3.3512
-3.2721
-3.1620
-3.0224
-2.8555
-2.6632
-2.4482
-2.2130
-1.9603
-1.6931
-1.4142
-1.1267
-0.8337
-0.5381
-0.2430
0.0487
0.3341
0.6105
0.8754
1.1263
1.3609
1.5773
1.7737
1.9484
2.1003
2.2281
2.3311
2.4088
2.4609
2.4874
2.4885
2.4647
2.4168
2.3457
2.2525
2.1387
2.0058
1.8554
1.6895
1.5100
1.3190
1.1186
0.9109
0.6983
0.4829
0.2670
0.0526
-0.1580
-0.3629
-0.5601
-0.7478
-0.9243
-1.0880
-1.2377
-1.3720
-1.4900
-1.5907
-1.6736
-1.7381
-1.7839
-1.8110
-1.8195
-1.8097
-1.7819
-1.7369
-1.6754
-1.5985
-1.5070
-1.4023
-1.2857
-1.1586
-1.0223
-0.8786
-0.7290
-0.5750
-0.4183
-0.2605
-0.1033
0.0519
0.2034
0.3499
0.4901
0.6225
0.7462
0.8599
0.9627
1.0540
1.1328
1.1988
1.2515
1.2907
1.3162
1.3280
1.3264
1.3115
1.2838
1.2438
1.1922
1.1297
1.0572
0.9755
0.8857
0.7888
0.6860
0.5783
0.4670
0.3533
0.2382
0.1231
0.0090
-0.1029
-0.2116
-0.3160
-0.4152
-0.5083
-0.5944
-0.6729
-0.7432
-0.8046
-0.8567
-0.8993
-0.9321
-0.9548
-0.9676
-0.9705
-0.9636
-0.9472
-0.9217
-0.8875
-0.8451
-0.7951
-0.7381
-0.6749
-0.6062
-0.5328
-0.4555
-0.3752
-0.2928
-0.2090
-0.1248
-0.0411
0.0414
0.1219
0.1995
0.2736
0.3436
0.4086
0.4684
0.5222
0.5698
0.6108
0.6448
0.6717
0.6914
0.7038
0.7088
0.7068
0.6977
0.6818
0.6594
0.6308
0.5966
0.5570
0.5127
0.4641
0.4118
0.3565
0.2987
0.2390
0.1782
0.1168
0.0554
-0.0053
-0.0648
-0.1224
-0.1777
-0.2301
-0.2792
-0.3245
-0.3656
-0.4023
-0.4343
-0.4612
-0.4831
-0.4997
-0.5109
-0.5168
-0.5175
-0.5129
-0.5034
-0.4890
-0.4700
-0.4466
-0.4193
-0.3883
-0.3541
-0.3170
-0.2774
-0.2359
-0.1928
-0.1487
-0.1040
-0.0591
-0.0145
0.0294
0.0721
0.1132
0.1524
0.1893
0.2236
0.2549
0.2831
0.3079
0.3291
0.3467
0.3604
0.3702
0.3762
0.3782
0.3765
0.3710
0.3619
0.3494
0.3337
0.3149
0.2933
0.2693
0.2430
0.2148
0.1851
0.1540
0.1221
0.0896
0.0568
0.0241
-0.0082
-0.0398
-0.0704
-0.0996
-0.1273
-0.1531
-0.1769
-0.1985
-0.2177
-0.2343
-0.2482
-0.2594
-0.2678
-0.2733
-0.2760
-0.2759
-0.2730
-0.2674
-0.2593
-0.2488
-0.2360
-0.2210
-0.2042
-0.1857
-0.1656
-0.1443
-0.1220
-0.0990
-0.0753
-0.0514
-0.0275
-0.0037
0.0196
0.0422
0.0640
0.0847
0.1042
0.1222
0.1387
0.1534
0.1663
0.1773
0.1863
0.1933
0.1982
0.2010
0.2018
0.2005
0.1973
0.1921
0.1851
0.1764
0.1662
0.1544
0.1414
0.1272
0.1120
0.0960
0.0793
0.0622
0.0448
0.0273
0.0099
-0.0073
-0.0240
-0.0402
-0.0557
-0.0703
-0.0839
-0.0964
-0.1077
-0.1177
-0.1263
-0.1335
-0.1392
-0.1435
-0.1461
-0.1473
-0.1470
-0.1452
-0.1420
-0.1375
-0.1317
-0.1246
-0.1165
-0.1073
-0.0973
-0.0865
-0.0750
-0.0631
-0.0507
-0.0381
-0.0253
-0.0125
0.0001
0.0125
0.0245
0.0360
0.0470
0.0572
0.0667
0.0754
0.0831
0.0898
0.0955
0.1001
0.1036
0.1061
0.1074
0.1076
0.1067
0.1048
0.1019
0.0980
0.0933
0.0876
0.0813
0.0742
0.0665
0.0583
0.0497
0.0408
0.0317
0.0224
0.0130
0.0037
-0.0054
-0.0143
-0.0229
-0.0311
-0.0388
-0.0459
-0.0525
-0.0584
-0.0636
-0.0681
-0.0718
-0.0747
-0.0768
-0.0781
-0.0786
-0.0783
-0.0772
-0.0754
-0.0729
-0.0696
-0.0658
-0.0614
-0.0564
-0.0510
-0.0451
-0.0390
-0.0325
-0.0259
-0.0192
-0.0123
-0.0055
0.0012
0.0078
0.0141
0.0202
0.0260
0.0314
0.0364
0.0409
0.0450
0.0484
0.0514
0.0538
0.0555
0.0567
0.0573
0.0574
0.0568
0.0557
0.0541
0.0519
0.0493
0.0462
0.0427
0.0389
0.0348
0.0304
0.0257
0.0210
0.0161
0.0111
0.0061
0.0012
-0.0037
-0.0084
-0.0130
-0.0173
-0.0213
-0.0251
-0.0286
-0.0317
-0.0344
-0.0367
-0.0386
-0.0401
-0.0411
-0.0418
-0.0419
-0.0417
-0.0411
-0.0400
-0.0386
-0.0368
-0.0347
-0.0323
-0.0296
-0.0267
-0.0235
-0.0202
-0.0168
-0.0132
-0.0096
