0.7138
1.0987
1.6570
2.2582
2.6661
2.7932
3.3606
3.5850
3.8818
4.1804
4.3548
4.6395
4.6760
4.6697
4.7120
4.6641
4.6978
4.4017
4.2857
3.9619
3.5487
3.5928
3.3075
2.8144
2.7609
2.0155
1.7783
1.3577
1.1265
0.7153
0.1813
-0.1926
-0.7053
-1.1869
-1.3787
-1.6628
-1.8666
-2.1546
-2.5703
-2.7882
-3.0572
-3.2553
-3.4107
-3.1368
-3.4396
-3.4542
-3.5229
-3.2734
-3.4335
-3.1833
-3.1120
-2.8168
-2.7143
-2.5663
-2.2158
-1.9175
-1.6864
-1.3840
-1.1902
-0.8700
-0.6053
-0.2790
-0.0326
0.1615
0.6283
0.8352
0.9632
1.4072
1.4866
1.7789
2.0213
2.1131
2.3420
2.2076
2.4491
2.3925
2.4003
2.4306
2.4336
2.4224
2.2292
2.3426
2.1853
1.8521
2.0042
1.8791
1.6279
1.3010
1.0115
1.0164
0.6580
0.6052
0.2878
0.1503
-0.1224
-0.2922
-0.5590
-0.5692
-0.9116
-1.0478
-1.0494
-1.5068
-1.6170
-1.4938
-1.7909
-1.5437
-1.8253
-1.8858
-1.6272
-1.6616
-1.5952
-1.6463
-1.7616
-1.4074
-1.5338
-1.3221
-1.1910
-1.1741
-0.9609
-0.7864
-0.6913
-0.6849
-0.3885
-0.1279
-0.1728
0.0369
0.1599
0.5349
0.5573
0.6633
0.6692
0.9138
0.8953
1.0571
1.0693
1.2665
1.3092
1.2699
1.3558
1.2187
1.1773
1.3554
1.3005
1.3073
1.4305
1.2242
0.9659
1.0872
0.7541
0.7427
0.6792
0.7497
0.3926
0.2706
0.2284
0.0568
0.1217
-0.2109
-0.3263
-0.3598
-0.4650
-0.3153
-0.4995
-0.6642
-0.8657
-0.7201
-0.9568
-1.0538
-0.8132
-0.9231
-0.8755
-0.9386
-0.8779
-1.0123
-1.0251
-0.8193
-0.9254
-0.8640
-0.7836
-0.6731
-0.6416
-0.6703
-0.5199
-0.5976
-0.2302
-0.3692
-0.2353
-0.0359
-0.0325
0.2762
0.0702
0.3003
0.3396
0.2918
0.5207
0.5051
0.6470
0.6931
0.8611
0.8054
0.6545
0.6798
0.8188
0.7723
0.7617
0.5201
0.6569
0.5570
0.6245
0.5472
0.6037
0.4958
0.4905
0.3098
0.2042
0.1980
0.1765
0.1547
0.2813
-0.0096
-0.1604
-0.1570
-0.2241
-0.1819
-0.4332
-0.3181
-0.3500
-0.3791
-0.4940
-0.4850
-0.6255
-0.5490
-0.5652
-0.4752
-0.6331
-0.4348
-0.3539
-0.6960
-0.4273
-0.3789
-0.4830
-0.4280
-0.3674
-0.3467
-0.3083
-0.4035
-0.0776
-0.0407
-0.1853
-0.2057
0.0376
-0.0282
0.0863
0.0813
0.2216
0.2588
0.1510
0.1166
0.1248
0.3690
0.2103
0.2960
0.3008
0.3650
0.1825
0.3971
0.4289
0.3799
0.3309
0.3592
0.3736
0.0376
0.4889
0.3083
0.1778
0.1757
0.2344
0.1424
-0.0810
0.2960
0.0457
0.1261
-0.0774
0.1138
-0.0417
-0.0387
-0.2318
-0.0320
-0.1080
-0.0683
-0.2805
-0.2824
-0.0178
-0.3654
-0.2814
-0.1596
-0.2662
-0.2176
-0.3129
-0.2304
-0.3900
-0.0830
-0.2478
-0.2891
-0.1376
-0.2317
-0.2991
-0.2790
-0.0527
-0.1149
-0.0887
0.0563
-0.1402
-0.0768
-0.0189
0.0517
0.0598
0.0560
0.0980
0.1115
0.0667
0.0721
0.1938
0.0882
0.0706
0.1621
0.1824
0.4267
0.1313
0.2948
0.2720
0.0732
0.2624
0.0580
-0.0998
0.2151
-0.0342
0.1723
0.0436
0.2619
0.1862
0.0169
-0.0239
-0.0941
-0.0342
-0.0353
-0.0605
-0.0245
0.0022
-0.0353
-0.1603
-0.2402
0.0287
-0.1867
-0.1916
-0.1856
-0.3236
-0.1913
-0.1941
-0.0853
-0.0772
-0.1449
-0.0489
-0.1035
-0.1332
-0.1085
-0.1355
-0.1468
-0.1241
-0.1993
-0.0470
-0.1624
0.0335
-0.0630
-0.0203
0.0369
0.0644
-0.1446
0.0038
0.1241
-0.1228
0.0960
-0.1588
-0.0269
0.0869
-0.0759
-0.0031
-0.0471
0.2684
0.1225
0.1641
0.0853
0.0714
-0.0568
0.0727
0.0219
0.1791
0.2018
0.2279
0.1594
0.0067
-0.0532
0.1264
0.0764
-0.1452
0.0579
0.0945
0.0096
-0.0239
-0.0951
-0.1675
0.0490
-0.0697
-0.0693
0.1208
0.0100
-0.0265
-0.0539
0.0802
0.0972
0.0161
-0.0199
-0.2881
-0.0660
-0.0903
-0.0660
0.0214
-0.3436
-0.1227
-0.0344
-0.1031
-0.1927
0.0418
-0.0113
-0.1297
0.0056
0.0630
-0.0118
0.0745
0.0090
-0.0318
-0.1018
0.0116
0.0454
0.1190
0.0249
0.0867
-0.0515
-0.0298
0.0404
-0.0517
0.1376
0.1031
0.0853
0.0913
0.2589
0.0088
-0.1661
0.0718
0.0442
-0.0055
-0.0551
-0.0050
0.0529
-0.0199
0.2670
-0.0751
-0.0633
-0.2178
0.0313
-0.2005
-0.0576
-0.0360
-0.0839
0.1566
0.0781
0.1068
-0.1168
0.0812
0.0152
0.0404
0.0643
-0.1310
-0.0836
0.0445
-0.3075
0.1096
0.0142
-0.0446
-0.0166
-0.1398
-0.0697
0.0777
0.1002
0.2429
-0.0309
-0.0861
-0.0682
-0.1150
-0.0174
